Joao 0001 7.50 8.50 5.60 7.20
Maria 0002 10.00 9.50 7.50 9.00
Kleber 0003 6.50 9.50 4.50 6.83
Juliana 0004 4.50 3.20 5.60 4.43
Gabriel 0005 6.50 8.50 9.60 8.20
Fernanda 0006 9.50 7.80 10.00 9.10
William 0007 9.50 8.50 8.50 8.83
Edward 0008 9.30 7.40 7.70 8.13
Chere 0009 1.50 8.40 9.90 6.60
Vickie 0010 9.00 8.30 9.90 9.07
Chong 0011 8.20 9.40 9.70 9.10
Leanne 0012 4.90 5.30 8.60 6.27
Rosio 0013 4.10 4.90 6.40 5.13
Nellie 0014 9.40 7.00 5.90 7.43
Dorinda 0015 6.30 4.90 8.30 6.50
Magdalena 0016 2.30 5.34 6.80 4.81
Altagracia 0017 0.40 6.50 8.30 5.07
Lesli 0018 7.30 8.80 9.40 8.50
Fae 0019 8.10 8.30 8.40 8.27
Dionne 0020 8.10 6.42 6.70 7.07
Cecile 0021 8.60 8.80 6.80 8.07
Lucila 0022 8.10 7.70 9.20 8.33
Dagmar 0023 2.30 4.30 5.80 4.13
Theodore 0024 9.70 9.90 6.30 8.63
Cheri 0025 7.30 8.60 8.20 8.03
Israel 0026 1.30 8.60 9.50 6.47
Genie 0027 6.90 8.90 5.80 7.20
Carmelina 0028 6.80 9.40 9.90 8.70
Kareen 0029 5.90 9.90 8.00 7.93
Odette 0030 5.70 7.40 5.90 6.33
Ciara 0031 3.90 6.60 5.60 5.37
Mariano 0032 4.70 4.50 5.90 5.03
Laurine 0033 1.90 9.50 5.30 5.57
Lindy 0034 6.50 4.50 8.50 6.50
Frida 0035 2.60 4.70 8.30 5.20
Andre 0036 6.30 9.30 8.20 7.93
Sol 0037 7.30 5.10 5.10 5.83
Aurelia 0038 6.20 5.30 5.30 5.60
Golden 0039 5.10 4.00 7.50 5.53
Charise 0040 3.10 7.40 6.40 5.63
Eleonore 0041 8.50 6.80 10.00 8.43
Teresa 0042 7.90 5.70 9.70 7.77
Valene 0043 4.30 6.50 6.10 5.63
Brittny 0044 2.60 9.20 6.00 5.93
Devorah 0045 0.80 7.10 6.30 4.73
Shemika 0046 9.80 7.00 9.90 8.90
Marina 0047 4.00 7.90 9.40 7.10
Neida 0048 6.10 9.90 5.70 7.23
Judi 0049 8.90 5.30 5.40 6.53
Delmar 0050 7.70 8.40 5.60 7.23
